--------------------
Cycle 1:	260	SUB R1, R0, R0

Registers
R00:	0	0	0	0	0	0	0	0
R08:	0	0	0	0	0	0	0	0
R16:	0	0	0	0	0	0	0	0
R24:	0	0	0	0	0	0	0	0

Data
316:	104	-2	-3	1	12	4	-4	10
348:	7	9	1	0	-1	1	-1	0

--------------------
Cycle 2:	264	AND R6, R0, R0

Registers
R00:	0	0	0	0	0	0	0	0
R08:	0	0	0	0	0	0	0	0
R16:	0	0	0	0	0	0	0	0
R24:	0	0	0	0	0	0	0	0

Data
316:	104	-2	-3	1	12	4	-4	10
348:	7	9	1	0	-1	1	-1	0

--------------------
Cycle 3:	268	ADDI R2, R0, #-3

Registers
R00:	0	0	-3	0	0	0	0	0
R08:	0	0	0	0	0	0	0	0
R16:	0	0	0	0	0	0	0	0
R24:	0	0	0	0	0	0	0	0

Data
316:	104	-2	-3	1	12	4	-4	10
348:	7	9	1	0	-1	1	-1	0

--------------------
Cycle 4:	272	BNE R1, R6, #36

Registers
R00:	0	0	-3	0	0	0	0	0
R08:	0	0	0	0	0	0	0	0
R16:	0	0	0	0	0	0	0	0
R24:	0	0	0	0	0	0	0	0

Data
316:	104	-2	-3	1	12	4	-4	10
348:	7	9	1	0	-1	1	-1	0

--------------------
Cycle 5:	276	LW R13, 316(R16)

Registers
R00:	0	0	-3	0	0	0	0	0
R08:	0	0	0	0	0	104	0	0
R16:	0	0	0	0	0	0	0	0
R24:	0	0	0	0	0	0	0	0

Data
316:	104	-2	-3	1	12	4	-4	10
348:	7	9	1	0	-1	1	-1	0

--------------------
Cycle 6:	280	LW R14, 332(R6)

Registers
R00:	0	0	-3	0	0	0	0	0
R08:	0	0	0	0	0	104	12	0
R16:	0	0	0	0	0	0	0	0
R24:	0	0	0	0	0	0	0	0

Data
316:	104	-2	-3	1	12	4	-4	10
348:	7	9	1	0	-1	1	-1	0

--------------------
Cycle 7:	284	OR R15, R13, R14

Registers
R00:	0	0	-3	0	0	0	0	0
R08:	0	0	0	0	0	104	12	108
R16:	0	0	0	0	0	0	0	0
R24:	0	0	0	0	0	0	0	0

Data
316:	104	-2	-3	1	12	4	-4	10
348:	7	9	1	0	-1	1	-1	0

--------------------
Cycle 8:	288	ANDI R25, R15, #43690

Registers
R00:	0	0	-3	0	0	0	0	0
R08:	0	0	0	0	0	104	12	108
R16:	0	0	0	0	0	0	0	0
R24:	0	40	0	0	0	0	0	0

Data
316:	104	-2	-3	1	12	4	-4	10
348:	7	9	1	0	-1	1	-1	0

--------------------
Cycle 9:	292	LW R16, 336(R6)

Registers
R00:	0	0	-3	0	0	0	0	0
R08:	0	0	0	0	0	104	12	108
R16:	4	0	0	0	0	0	0	0
R24:	0	40	0	0	0	0	0	0

Data
316:	104	-2	-3	1	12	4	-4	10
348:	7	9	1	0	-1	1	-1	0

--------------------
Cycle 10:	296	SRL R30, R15, #3

Registers
R00:	0	0	-3	0	0	0	0	0
R08:	0	0	0	0	0	104	12	108
R16:	4	0	0	0	0	0	0	0
R24:	0	40	0	0	0	0	13	0

Data
316:	104	-2	-3	1	12	4	-4	10
348:	7	9	1	0	-1	1	-1	0

--------------------
Cycle 11:	300	SW R30, 348(R6)

Registers
R00:	0	0	-3	0	0	0	0	0
R08:	0	0	0	0	0	104	12	108
R16:	4	0	0	0	0	0	0	0
R24:	0	40	0	0	0	0	13	0

Data
316:	104	-2	-3	1	12	4	-4	10
348:	13	9	1	0	-1	1	-1	0

--------------------
Cycle 12:	304	ADDI R6, R6, #4

Registers
R00:	0	0	-3	0	0	0	4	0
R08:	0	0	0	0	0	104	12	108
R16:	4	0	0	0	0	0	0	0
R24:	0	40	0	0	0	0	13	0

Data
316:	104	-2	-3	1	12	4	-4	10
348:	13	9	1	0	-1	1	-1	0

--------------------
Cycle 13:	308	J #272

Registers
R00:	0	0	-3	0	0	0	4	0
R08:	0	0	0	0	0	104	12	108
R16:	4	0	0	0	0	0	0	0
R24:	0	40	0	0	0	0	13	0

Data
316:	104	-2	-3	1	12	4	-4	10
348:	13	9	1	0	-1	1	-1	0

--------------------
Cycle 14:	272	BNE R1, R6, #36

Registers
R00:	0	0	-3	0	0	0	4	0
R08:	0	0	0	0	0	104	12	108
R16:	4	0	0	0	0	0	0	0
R24:	0	40	0	0	0	0	13	0

Data
316:	104	-2	-3	1	12	4	-4	10
348:	13	9	1	0	-1	1	-1	0

--------------------
Cycle 15:	312	BREAK

Registers
R00:	0	0	-3	0	0	0	4	0
R08:	0	0	0	0	0	104	12	108
R16:	4	0	0	0	0	0	0	0
R24:	0	40	0	0	0	0	13	0

Data
316:	104	-2	-3	1	12	4	-4	10
348:	13	9	1	0	-1	1	-1	0
