00100100001000000000000000000000
00101000110000000000000000000000
01000000010000001111111111111101
00001000001001100000000000001001
00010110000011010000000100111100
00010100110011100000000101001100
00101101111011010111000000000000
01000111001011111010101010101010
00010100110100000000000101010000
00110011110011110001100000000000
00010000110111100000000101011100
01000000110001100000000000000100
00000000000000000000000001000100
00011000000000000000000000000000
00000000000000000000000001101000
11111111111111111111111111111110
11111111111111111111111111111101
00000000000000000000000000000001
00000000000000000000000000001100
00000000000000000000000000000100
11111111111111111111111111111100
00000000000000000000000000001010
00000000000000000000000000000111
00000000000000000000000000001001
00000000000000000000000000000001
00000000000000000000000000000000
11111111111111111111111111111111
00000000000000000000000000000001
11111111111111111111111111111111
00000000000000000000000000000000
